Plan1:5.9735
Plan2:5.966875
Plan3:5.9304375
